beta1,beta2,weight1,weight2,Length_scaler,LRT,p-value,q-value,Full Log(L)
0,0,0,1,0,0,1,0,0
0,0,0.9264165315338165,0.07358346846618347,1.028488675996036,0,1,0,-7.027234731056938
0.9647111610374447,0.5235804010536917,1.000057591376432e-09,0.9999999989999424,0,0.4349043346348083,0.5095922261581742,0,-8.101014576100276
0,0,0,1,0,0,1,0,0
0,0,0,1,0,0,1,0,0
0,0,0,1,0,0,1,0,0
0.8275406492156898,20.64665925126681,1.008836860458765e-09,0.9999999989911631,9999.999999998339,0,1,0,-15.27641517768428
0.832380058533703,0.5733913176678331,1.000012654123737e-09,0.9999999989999874,0,0.979695613100855,0.3222739659916394,0,-8.16894551886354
0.4823323212795483,0.521805610842436,0.6571971173962158,0.3428028826037842,1.257841819003602,0,1,0,-11.51025805292926
0,0,0,1,0,0,1,0,0
0.9959934966306193,0.4517344862072671,1.000006781648219e-09,0.9999999989999933,0,0.3966772726846877,0.5288102600354909,0,-7.700552126242454
0.9667793880137819,0.8113835730328423,1.000003065695126e-09,0.9999999989999969,0,0.8059139728018554,0.3693310500912341,0,-7.603425467628377
0.5229190670586992,0,0.9277740749972224,0.07222592500277758,0,0,1,0,-3.578871739638643
0.8786920155774525,1.201948706878964,0.09605166137965893,0.9039483386203411,0,1.17501884618318,0.2783723974628384,0,-7.838907522658567
0.9298649072007259,0.8323530283351847,1.000005796568838e-09,0.9999999989999943,0,0.8249435396944182,0.3637387444175968,0,-7.202212094397818
0.5633114321211272,0,0.9277740749972224,0.07222592500277758,0,0,1,0,-4.290004827311865
0.571596270360519,0,0.9277740749972224,0.07222592500277758,0,0,1,0,-3.503461997299997
0.9676361118564073,1.451667783093386,1.000000746143576e-09,0.9999999989999993,0,0.8906046145098721,0.3453135157625435,0,-9.312174340100896
0.5491669003770396,0,0.9277740749972224,0.07222592500277758,0,0,1,0,-3.898255027054427
0.5225275572922252,0,0.9277740749972224,0.07222592500277758,0,0,1,0,-3.846007637762947
0,0,0.9269849988079212,0.07301500119207882,2.840618602800968,0,1,0,-7.174764606638289
0.1965664822489643,0.7051036812928851,2.108318873952746e-08,0.9999999789168112,3.595822126617774,0,1,0,-10.10396412180511
0.9515231991883978,9999.999999998339,0.6984110568328041,0.3015889431671959,0,1.492792956132625,0.2217836221647181,0,-9.072102012124576
0.998529372711441,4.521700848285059,0.2225099771355528,0.7774900228644471,9999.999999998339,0,1,0,-11.97113744487307
0.8774223566777627,2.503314436751682,1.00000609789888e-09,0.9999999989999939,0,0.2145161071525976,0.6432505198240599,0,-11.00191929175434
1,1.693176203197844,0.6026385701282688,0.3973614298717312,120.1551540707882,0,1,0,-11.13732626795257
0.9996026691860074,0,0.3110875511548276,0.6889124488451723,7970.918540969008,0,1,0,-10.14652296768523
1,3.282624537854069,1.000596619493336e-09,0.9999999989994034,3.120418205445786,0.0003279983389177232,0.9855505225087815,0,-11.79743566418188
0.700561188968172,1.718150265232552,1.000000643879693e-09,0.9999999989999994,0,1.151379183421476,0.2832606243285321,0,-8.879805286767423
0.9978119332051706,0.5721798696646696,1.000002071278539e-09,0.9999999989999979,0,0.4828611092941433,0.4871292019828058,0,-7.637353057098579
0.1846711672340449,1.376524048230452,1.569833986127194e-09,0.999999998430166,7.453153483637575,0,1,0,-10.52891400759489
0.4659722039874113,1.699192695019728,0.9999999989997297,1.000270311024565e-09,3.655281648273142,0,1,0,-11.55620918199716
0.9996,0,0.3161925525835043,0.6838074474164957,7970.918540969008,0,1,0,-9.329695665056594
0.5427654257926199,0,0.9277740749972224,0.07222592500277758,0,0,1,0,-3.316238179301379
0.9957513138903664,2.429169426397264,1.000001115265289e-09,0.9999999989999989,0,0.2644850366563816,0.6070554826574035,0,-10.79064833293349
0.8102054378106847,1999.200000000112,0.9998652241258216,0.0001347758741784277,9999.999999998339,0,1,0,-11.36644256460096
0.7616598103667688,9999.999999998339,0.9992224431992712,0.0007775568007287736,9999.999999998339,0,1,0,-11.47594885200461
0.9972257545427241,5.810479106546696,1.000002697084693e-09,0.9999999989999973,0,0.6710727940868679,0.4126778321375358,0,-12.04877782183721
0.06938539473046257,0.7566732896584252,0.2791503695223687,0.7208496304776313,10.90798940643654,0,1,0,-11.46301318124483
0,0,0.928702773103619,0.07129722689638096,3997.403641153013,0,1,0,-5.198496083330877
0.9565736508270356,8.743833438347806,0.6755078466253238,0.3244921533746762,0,3.399712810424539,0.06520777124612853,0,-9.011164935743762
0.228210292839539,0,0.3172730541005094,0.6827269458994906,1999.200000000112,0,1,0,-9.941504823487456
0.1012871720090881,0.9016215053491358,0.7334201286359933,0.2665798713640067,9.011332073657098,0,1,0,-11.3158182960116
0.9504332670520106,10.40663610907688,0.6737753142678211,0.3262246857321789,0,2.771143249839486,0.09597758971810888,0,-9.014473956859479
0.971017089215794,2.996392360829998,1.000003760398222e-09,0.9999999989999963,1012.464039398111,0,1,0,-7.710409519676381
0.841229636255646,17.59654738325433,1.026473449169142e-09,0.9999999989735265,63.57285935061487,0,1,0,-7.902953373797345
0.8152281420518451,79.49056670419925,0.999480852521006,0.0005191474789939532,9999.999999998339,0,1,0,-8.13601246507096
0.2078102066614523,1.601932258376837,0.4578842795883535,0.5421157204116465,7.711937876030993,0,1,0,-8.6688819878209
0.6380163602771562,4.10529634038701,1.000002461576944e-09,0.9999999989999976,9999.999999998339,0,1,0,-7.646783495758504
0.9968494761915265,4.584491645263149,1.000005796568838e-09,0.9999999989999943,0,1.288957389245596,0.2562401795214714,0,-7.057152697353486
0.8531115980161755,865.7226982391226,0.9999183928087747,8.160719122529692e-05,9999.999999998339,0,1,0,-12.12286713775586
0.9969784929339873,1.38820739060852,1.000000344276193e-09,0.9999999989999997,0,0.4238001712375841,0.5150468978223373,0,-10.42771488043691
0.0001474712564497413,1.472768440726201,0.3672813875489825,0.6327186124510175,9999.999999998339,0,1,0,-14.72341837204969
0.9972257545427239,1.111607072152975,1.000000133245128e-09,0.9999999989999999,0,0.6546722856638176,0.4184471519861244,0,-10.70669029503669
0.9994183724774486,2.709465117116742,0.2911818475365553,0.7088181524634447,0,0.9713948497456784,0.3243325536812095,0,-13.36001150633491
0,0,0,1,0,0,1,0,0
0.02963221969919402,0.4828592410986411,0.426062213826379,0.573937786173621,17.22730606368377,0,1,0,-9.906150570879246
0.6714531911027249,0.3561757283436759,0.999999999,9.999999717180685e-10,0.5303978921893151,0,1,0,-9.381756134103357
0.9207050141293414,0.7977657293994019,1.000001887316459e-09,0.9999999989999981,0,0.05841871992176451,0.8090129022221138,0,-11.76013161616814
0.04377399374787197,0.9965615184873348,0.999994736752911,5.263247089049017e-06,22.7660550603318,0,1,0,-11.55946062866079
0.6995989986280358,1.281408124843878,1.000004865246263e-09,0.9999999989999951,0,1.548423415245178,0.2133683385284234,0,-9.508775096796439
0.9957513138903664,1.049112403306948,1.000000096268122e-09,0.9999999989999999,0,1.259207452651538,0.2618011623661393,0,-11.30810701075391
0.9499939606639163,0.5698444595070999,1.000016972439733e-09,0.999999998999983,0,0.7327287167920264,0.3920001326431145,0,-7.782658317639217
0,0,0,1,0,0,1,0,0
0,0,0,1,0,0,1,0,0
0.9956178336596351,0.4910354234348597,1.000003844394224e-09,0.9999999989999961,0,0.6048176804099938,0.4367457442393703,0,-8.456623697898715
0,0,0.9273438707446827,0.07265612925531728,9999.999981542742,0,1,0,-6.496436873204252
0,0,0.928702773103619,0.07129722689638096,2.577676645316662,0,1,0,-10.33192587262059
0.9236350535466733,0.4941008191560918,1.000000000341006e-09,0.999999999,0,0.9027433035027599,0.3420471942142497,0,-9.204525144734914
0,0,0,1,0,0,1,0,0
0.4476631947608073,0.6015381860148041,1.001001028831349e-06,0.9999989989989712,1.343763717975671,0,1,0,-11.52884722295652
0.947678999560264,0.460760615312875,1.000011849666514e-09,0.9999999989999881,0,0.3139422026331147,0.575271107435727,0,-8.745887295958985
0.9504900417118457,1.337060051738427,1.000000000341006e-09,0.999999999,0,1.498117565315795,0.22096123262409,0,-10.81594485055519
0,0,0,1,0,0,1,0,0
0.9298548638886177,0.6151018150790561,1.000000000341006e-09,0.999999999,0,0.6935225680811445,0.4049688029366182,0,-7.962794662308071
0,0,0.9264165315338165,0.07358346846618347,1.603360315050465,0,1,0,-8.791975419467356
0.7769873686169373,8.742315250837578,0.7646036666296584,0.2353963333703416,0,1.486594908756029,0.2227455315179707,0,-8.542163378326139
0,0,0,1,0,0,1,0,0
0,0,0.9273438707446827,0.07265612925531728,1187.274164281424,0,1,0,-5.942933396252383
0,0,0.9254901196575014,0.07450988034249861,9999.999999998339,0,1,0,-6.353185952752161
0.5427654257926199,0,0.9277740749972224,0.07222592500277758,0,0,1,0,-3.316238179301379
0,0,0.5193373496961409,0.4806626503038591,9999.99999875464,0,1,0,-6.211301242676744
0.9969950308146599,5.279607700525987,1.00000002722922e-09,0.9999999989999999,0,2.180513912590982,0.1397677842532414,0,-10.90997037550042
0,0,0.9269849988079212,0.07301500119207882,1.908368466768783,0,1,0,-6.205907826319137
0,0,0.9303128713654509,0.06968712863454907,8.536879694806304,0,1,0,-5.860235844139938
0.7114381724298153,1.367755646595583,0.8664641434722518,0.1335358565277482,1.013548513499803,-8.881784197001252e-16,1,0,-3.846007637762944
0.7072327505685565,1.364580349141006,0.9558596807070192,0.04414031929298079,0.8835878674748903,0,1,0,-3.800192102703421
0.7779560256254121,1.496255616575137,0.865730846645749,0.134269153354251,1,0,1,0,-3.316238179301378
0.7506583568775201,1.363488641397601,0.9558384921063584,0.04416150789364159,0.9257359622457916,0,1,0,-4.160888587391689
0.7175067091005325,1.652930752584336,0.9295718905936249,0.07042810940637512,1.040816326530612,-1.77635683940025e-15,1,0,-4.399511114716673
0.7102478640143342,1.519545958303749,0.8641065497451473,0.1358934502548527,1.036803151865666,0,1,0,-3.612968284704804
0.7072327505685565,2.151921535985038,0.9336997658616246,0.06630023413837538,1.000111462390494,0,1,0,-4.451758504008153
0,0,0.929272643260195,0.07072735673980501,23.377017961048,0,1,0,-7.988299827462728
0.5718696321714734,0,0.9277740749972224,0.07222592500277758,0,0,1,0,-4.447110388455268
0.9443407060083557,1.147703732017513,1.000000012677305e-09,0.999999999,0,1.241034459795653,0.2652717813646787,0,-7.315070300768004
0,0,0.9269849988079212,0.07301500119207882,2.840618602800968,0,1,0,-7.174764606638289
0,0,0,1,0,0,1,0,0
0,0,0,1,0,0,1,0,0
0.9612064743557157,0.4937384470182634,1.000004078760465e-09,0.9999999989999959,0,0.3665874356601275,0.5448703096749652,0,-7.527894903714361
0,0,0,1,0,0,1,0,0
0.5746299644831925,0,0.9277740749972224,0.07222592500277758,0,0,1,0,-3.665215673996287
0.5633114321211272,0,0.9277740749972224,0.07222592500277758,0,0,1,0,-4.290004827311865
0,0,0.9264954897806723,0.07350451021932769,1.908380192144613,0,1,0,-6.707022122608359
0.8376579586603903,37.26251349505145,2.983247957810167e-06,0.9999970167520422,737.9830484184951,0,1,0,-11.92298926971176
0.5239615306741461,0,0.9277740749972224,0.07222592500277758,0,0,1,0,-3.846007637762947
0.6995989986280358,1.240977691886129,1.000005796568838e-09,0.9999999989999943,0,0.764107125135947,0.3820462567945185,0,-6.657127003992949
0.9371601641416679,1.313787934040254,1.000000012677305e-09,0.999999999,0,0.7903553391211009,0.3739927004369873,0,-6.710628629133732
0.5701217726545372,0,0.9277740749972224,0.07222592500277758,0,0,1,0,-3.503461997299997
0.5239615306741461,0,0.9277740749972224,0.07222592500277758,0,0,1,0,-3.846007637762947
0.5701217726545372,0,0.9277740749972224,0.07222592500277758,0,0,1,0,-3.503461997299997
0.07143580895330065,1.929318575182689,1.000003217403635e-09,0.9999999989999968,9999.999999998339,0,1,0,-7.467527789496949
0.5688625566430441,0,0.9277740749972224,0.07222592500277758,0,0,1,0,-3.754339369205079
0.2234070108035197,1.076320792557649,1.000000796536458e-09,0.9999999989999993,9999.999999998339,0,1,0,-6.774688378018459
0.9961270272256355,0.4911513151369784,1.000004667032846e-09,0.9999999989999954,0,0.3573192878851401,0.5499988168711988,0,-8.369258718323598
0.1089798906063273,1.65254895920546,1.000000002943091e-09,0.999999999,9999.999999998339,0,1,0,-9.921726636239136
0.9962381649997035,0.5472934021412739,1.000005796568838e-09,0.9999999989999943,0,0.2419253123541729,0.6228189979741068,0,-8.126449517530936
0.9976056584071799,29.29211713284609,1.0000050593914e-09,0.9999999989999949,0,0.05379127078417412,0.8165928086410736,0,-8.20326779752825
0,0,0.9270654540344186,0.07293454596558135,2.426884615004882,0,1,0,-6.711221936707615
0.9972257545427239,0.8527628585394812,1.000001791795772e-09,0.9999999989999983,0,0.7031983627028353,0.4017110805077393,0,-7.494534920481055
0.05774881588026156,0,0.9277740749972224,0.07222592500277758,0,0,1,0,-4.194985132457854
0.5441209432659322,0,0.9277740749972224,0.07222592500277758,0,0,1,0,-3.865093540702221
0.176088128719131,1790.729196424446,0.7932058353680154,0.2067941646319846,0,4.37228214809193,0.03652803936758342,0,-10.6241315523888
0.1275358471625165,0,0.2238494148203214,0.7761505851796786,237.5035021921969,0,1,0,-13.32201746859637
0,9999.999999998339,0.7756025708157729,0.2243974291842271,1.767997945955359,0.6977929578870068,0.4035262876146932,0,-12.49738729423471
0.8614364180275069,0.4471284439419713,1.000000007497743e-09,0.999999999,0,0.1661468173244032,0.6835592061681809,0,-7.788560969740249
0.9440193310903732,2.116939076677207,0.3232573098678241,0.6767426901321758,0,0.3104749234745583,0.577388899508214,0,-11.88025275262516
0.9931084341068643,0.4865309805802108,1.000003016789112e-09,0.999999998999997,0,0.3502944319277042,0.5539465066491411,0,-8.692066265717552
0.7238220528097071,60.91681421080492,0.7912480625002252,0.2087519374997748,0,4.224198285829818,0.03985144172083199,0,-10.17620350086744
0.9291260983268153,1.233711393408508,1.000004865246263e-09,0.9999999989999951,0,1.418214060905672,0.2336975837264488,0,-11.26373063813571
0.728668494894273,23.03012258233026,0.5377693543787354,0.4622306456212646,0,2.175379685170125,0.1402349023578364,0,-12.96573490487093
1,1.330681255417001,1.00011713282401e-09,0.9999999989998829,1.033403726063038,0.03723831166209379,0.8469806554636636,0,-13.69365413208517
0.9962338579360794,0.4588003789609215,1.000004026552552e-09,0.9999999989999959,0,0.3433087748846422,0.5579255325602601,0,-7.503275877635537
0.05970966106138434,0.9952821891202236,1.000000033352601e-09,0.9999999989999999,9999.999999998339,0,1,0,-11.8199699520301
0,0,0.9298349539258356,0.07016504607416441,9999.999999998339,0,1,0,-8.19966756495657
1,1.755798710194266,0.6227223265370471,0.3772776734629529,170.9780103212838,0,1,0,-11.55230395054796
0.9508012167251424,120.409992006782,0.6986378807250507,0.3013621192749493,0,3.438980975071505,0.06367495466307649,0,-9.205465143996273
2e-07,9999.999999998339,0.6947246046159951,0.3052753953840049,0,2.097441984503156,0.1475458019644369,0,-8.665887538645398
0.9442232717060943,0.7764836902422599,1.000004732592989e-09,0.9999999989999953,0,0.7803446415567592,0.3770357569299676,0,-7.578618294584284
0.4859624127135292,0,0.310977354467215,0.689022645532785,109.1158002610021,0,1,0,-9.324264055576769
1,4.843584062542567,0.008213089001377013,0.991786910998623,4.650429264135135,0.0002039494054670854,0.9886057296121117,0,-11.69861653120406
0.4101997807642949,0,0.3275393394028066,0.6724606605971934,9999.999999998339,0,1,0,-10.99638643230585
0.193865466847308,7709.600328315153,0.5405285360571985,0.4594714639428015,0,1.456585580716759,0.2274741729186851,0,-13.11087634652905
0.475297387688858,1.567203875856924,4.608769240245799e-08,0.9999999539123076,3.297137480418546,0,1,0,-14.90022567551835
0,0,0,1,0,0,1,0,0
0.114721578301989,0.5652658988624779,0.9999999932073986,6.792601370264606e-09,4.931214936894221,0,1,0,-13.12175150293398
0.1879864055693812,3.322427566080752,0.9394856047866874,0.06051439521331259,17.67375083133603,0,1,0,-14.84911417507629
0,0,0.9264165315338165,0.07358346846618347,1.319773981023438,0,1,0,-7.156730657576951
0.02352656336743054,1.686782806214164,0.1447041570135953,0.8552958429864047,71.8870881010111,0,1,0,-12.87568809122222
0.1391572820464607,0.3978754944696953,3.814697310420764e-09,0.9999999961853027,2.855648777971528,0,1,0,-9.961498797763488
0.04128585610118558,20.2067141727564,0.7020229227116422,0.2979770772883578,0,1.688011558399477,0.1938632971180929,0,-8.823177370231241
0.7779560256254121,1.358144781511135,0.9325185025143597,0.06748149748564025,1.038940294444867,0,1,0,-4.178726606238631
0.5284582232676142,1.358144781511135,0.9880309295732281,0.01196907042677187,0.9264174030945416,0,1,0,-4.464948407302209
0.6799522058632834,0.9751778000727587,0.8658160252428798,0.1341839747571202,1,0,1,0,-3.754339369205077
0.7157586847101605,1.940813053032109,0.9005517080896825,0.09944829191031745,1.034263182629122,8.881784197001252e-16,0.9999999762211871,0,-3.503461997299994
0.7079921187043939,1.073768017676237,0.8655410955148369,0.1344589044851631,0.8204269788986249,0,1,0,-3.868573736701677
0.5284582232676142,1.358144781511135,0.9880309295732281,0.01196907042677187,0.9264174030945416,0,1,0,-4.464948407302209
0.7114381724298153,1.367755646595583,0.8664641434722518,0.1335358565277482,1.013548513499803,-8.881784197001252e-16,1,0,-3.846007637762944
0.297517253705697,1.540838989970756,5.452662302339985e-07,0.9999994547337697,5.177026711061832,0,1,0,-8.238983041876105
0.9504900417118457,1.639771484503522,1.000005796568838e-09,0.9999999989999943,0,0.9051553111467179,0.341403133527805,0,-6.153294668127755
0.5048386673648106,14.88343749642259,0.999994736752911,5.263247089049017e-06,29.48944589317079,0,1,0,-7.902959583665741
0.1775807852136569,3.368117936053075,1.000002024362469e-09,0.999999998999998,9999.999999998339,0,1,0,-7.063840283025145
0.5453409604701912,0,0.9277740749972224,0.07222592500277758,0,0,1,0,-3.316238179301379
0,0,0.9254901196575014,0.07450988034249861,9999.999999998339,0,1,0,-5.145104801862784
0.7779560256254121,1.358144781511135,0.9325185025143597,0.06748149748564025,1.038940294444867,0,1,0,-4.178726606238631
0.5284582232676142,1.358144781511135,0.9880309295732281,0.01196907042677187,0.9264174030945416,0,1,0,-4.464948407302209
0.6799522058632834,0.9751778000727587,0.8658160252428798,0.1341839747571202,1,0,1,0,-3.754339369205077
0.7157586847101605,1.940813053032109,0.9005517080896825,0.09944829191031745,1.034263182629122,8.881784197001252e-16,0.9999999762211871,0,-3.503461997299994
0.7079921187043939,1.073768017676237,0.8655410955148369,0.1344589044851631,0.8204269788986249,0,1,0,-3.868573736701677
0.5284582232676142,1.358144781511135,0.9880309295732281,0.01196907042677187,0.9264174030945416,0,1,0,-4.464948407302209
0.7114381724298153,1.367755646595583,0.8664641434722518,0.1335358565277482,1.013548513499803,-8.881784197001252e-16,1,0,-3.846007637762944
0.6361109158068239,1.647477315541839,0.8999427050985001,0.1000572949014999,0.9999236097158493,0,1,0,-4.552638387649125
0.7779560256254121,1.496255616575137,0.865730846645749,0.134269153354251,1,0,1,0,-3.316238179301378
0.6799522058632834,0.9751778000727587,0.8658160252428798,0.1341839747571202,1,0,1,0,-3.754339369205077
0.7779560256254121,1.358144781511135,0.9325185025143597,0.06748149748564025,1.038940294444867,0,1,0,-4.178726606238631
0.5284582232676142,1.358144781511135,0.9880309295732281,0.01196907042677187,0.9264174030945416,0,1,0,-4.464948407302209
0.5688625566430441,0,0.9277740749972224,0.07222592500277758,0,0,1,0,-3.754339369205079
0.9504900417118457,1.639771484503522,1.000005796568838e-09,0.9999999989999943,0,0.9051553111467179,0.341403133527805,0,-6.153294668127755
0.9951359057355785,1.244144026373169,1.000005479806578e-09,0.9999999989999945,0,0.5501943196239267,0.4582383061613547,0,-6.03211123877582
0.7347766732392674,9999.644109351822,0.9977257847571359,0.002274215242864086,9999.999999998339,0,1,0,-8.07791669200213
0,0,0.928702773103619,0.07129722689638096,3374.772736230599,0,1,0,-4.289212507487262
0,0,0.9287027731036192,0.07129722689638085,714.7220115306661,0,1,0,-5.680770259973579
0.1191541031735309,1.729921767776718,1.00000212523622e-09,0.9999999989999979,9999.999999998339,0,1,0,-7.274304671342681
0.6993318460881822,3.517718423327848,1.000002777690539e-09,0.9999999989999973,0,1.074207127522051,0.2999970853100101,0,-6.39479281485639
9.345790527648281e-05,0.9335651245389948,1.001065036020287e-06,0.999998998934964,9999.999999998339,0,1,0,-6.553684095992688
0.9260468081580412,2705.595186947648,0.9999233712769033,7.662872309666113e-05,9583.287822866292,0,1,0,-7.606243006609429
0.9504900417118457,1.63977148202004,1.000005796568838e-09,0.9999999989999943,0,0.9051553111467197,0.3414031335278045,0,-6.153294668127756
0.945295844776761,667.9743970516647,0.9999649141275805,3.508587241951577e-05,9583.287822866292,0,1,0,-7.978918708937652
0,0,0.9287027731036192,0.07129722689638085,5011.930264095647,0,1,0,-4.920859823289504
0.03329855899993154,1.961534435789789,1.000003104555695e-09,0.9999999989999969,9999.999999998339,0,1,0,-7.938881313939637
0.7157586847101605,1.940813053032109,0.9005517080896825,0.09944829191031745,1.034263182629122,8.881784197001252e-16,0.9999999762211871,0,-3.503461997299994
0.7079921187043939,1.073768017676237,0.8655410955148369,0.1344589044851631,0.8204269788986249,0,1,0,-3.868573736701677
0.5284582232676142,1.358144781511135,0.9880309295732281,0.01196907042677187,0.9264174030945416,0,1,0,-4.464948407302209
0.7114381724298153,1.367755646595583,0.8664641434722518,0.1335358565277482,1.013548513499803,-8.881784197001252e-16,1,0,-3.846007637762944
0.6361109158068239,1.647477315541839,0.8999427050985001,0.1000572949014999,0.9999236097158493,0,1,0,-4.552638387649125
0.7079921187043939,1.073768017676237,0.8655410955148369,0.1344589044851631,0.8204269788986249,0,1,0,-3.868573736701677
0.6799522058632834,0.9751778000727587,0.8658160252428798,0.1341839747571202,1,0,1,0,-3.754339369205077
0.7779560256254121,1.358144781511135,0.9325185025143597,0.06748149748564025,1.038940294444867,0,1,0,-4.178726606238631
0.5284582232676142,1.358144781511135,0.9880309295732281,0.01196907042677187,0.9264174030945416,0,1,0,-4.464948407302209
0.6799522058632834,0.9751778000727587,0.8658160252428798,0.1341839747571202,1,0,1,0,-3.754339369205077
0.7157586847101605,1.940813053032109,0.9005517080896825,0.09944829191031745,1.034263182629122,8.881784197001252e-16,0.9999999762211871,0,-3.503461997299994
0.7079921187043939,1.073768017676237,0.8655410955148369,0.1344589044851631,0.8204269788986249,0,1,0,-3.868573736701677
0.5284582232676142,1.358144781511135,0.9880309295732281,0.01196907042677187,0.9264174030945416,0,1,0,-4.464948407302209
0.7102478640143342,1.519545958303749,0.8641065497451473,0.1358934502548527,1.036803151865666,0,1,0,-3.612968284704804
0.6361109158068239,1.647477315541839,0.8999427050985001,0.1000572949014999,0.9999236097158493,0,1,0,-4.552638387649125
0.7157586847101605,1.940813053032109,0.9005517080896825,0.09944829191031745,1.034263182629122,8.881784197001252e-16,0.9999999762211871,0,-3.503461997299994
0.7157586847101605,1.940813053032109,0.9005517080896825,0.09944829191031745,1.034263182629122,8.881784197001252e-16,0.9999999762211871,0,-3.503461997299994
0.7509421384378124,1.651942801601385,0.9343769409,0.06562305909999999,0.9264174030945416,0,1,0,-3.811911092696781
0.7779560256254121,1.496255616575137,0.865730846645749,0.134269153354251,1,0,1,0,-3.316238179301378
0.6799522058632834,0.9751778000727587,0.8658160252428798,0.1341839747571202,1,0,1,0,-3.754339369205077
0.7779560256254121,1.358144781511135,0.9325185025143597,0.06748149748564025,1.038940294444867,0,1,0,-4.178726606238631
0.5284582232676142,1.358144781511135,0.9880309295732281,0.01196907042677187,0.9264174030945416,0,1,0,-4.464948407302209
0.6799522058632834,0.9751778000727587,0.8658160252428798,0.1341839747571202,1,0,1,0,-3.754339369205077
0.7157586847101605,1.940813053032109,0.9005517080896825,0.09944829191031745,1.034263182629122,8.881784197001252e-16,0.9999999762211871,0,-3.503461997299994
0.7079921187043939,1.073768017676237,0.8655410955148369,0.1344589044851631,0.8204269788986249,0,1,0,-3.868573736701677
0.5284582232676142,1.358144781511135,0.9880309295732281,0.01196907042677187,0.9264174030945416,0,1,0,-4.464948407302209
0.7114381724298153,1.367755646595583,0.8664641434722518,0.1335358565277482,1.013548513499803,-8.881784197001252e-16,1,0,-3.846007637762944
0.6361109158068239,1.647477315541839,0.8999427050985001,0.1000572949014999,0.9999236097158493,0,1,0,-4.552638387649125
0.7779560256254121,1.496255616575137,0.865730846645749,0.134269153354251,1,0,1,0,-3.316238179301378
0.6799522058632834,0.9751778000727587,0.8658160252428798,0.1341839747571202,1,0,1,0,-3.754339369205077
0.7779560256254121,1.358144781511135,0.9325185025143597,0.06748149748564025,1.038940294444867,0,1,0,-4.178726606238631
0.5284582232676142,1.358144781511135,0.9880309295732281,0.01196907042677187,0.9264174030945416,0,1,0,-4.464948407302209
0.6799522058632834,0.9751778000727587,0.8658160252428798,0.1341839747571202,1,0,1,0,-3.754339369205077
0.7072478048917733,1.938730190300705,0.8665518285101518,0.1334481714898482,1.222222222222223,0,1,0,-3.665215673996285
0.7079921187043939,1.073768017676237,0.8655410955148369,0.1344589044851631,0.8204269788986249,0,1,0,-3.868573736701677
0.7778641219446218,1.069945685018175,0.8644271307599082,0.1355728692400918,1.000072951677274,0,1,0,-4.214071035397127
0,0,0.9305526811581,0.06944731884190003,1620.93149774754,0,1,0,-4.522251860547585
0,0,0.9254901196575014,0.07450988034249861,9999.999999998339,0,1,0,-7.071535692631701
0.9477034022077977,10.50648143404,0.6742726032107303,0.3257273967892697,0,3.220954308548631,0.07270123437797882,0,-8.827871873634498
0.5716117628155084,0,0.9277740749972224,0.07222592500277758,0,0,1,0,-3.503461997299997
0,0,0.9290552871790081,0.07094471282099191,2126.139101886919,0,1,0,-5.198496083333477
0.9962381649997035,0.6917205732263406,1.000003630615459e-09,0.9999999989999964,0,0.2654910668927606,0.6063725674815074,0,-7.784664243233433
0.3237616087066965,0.5613995880999817,0.3449476988630692,0.6550523011369308,1.743822851014742,0,1,0,-10.94450571264718
1,1.630470655980768,0.06224614247732208,0.9377538575226779,1.389730149868064,0.011138205931708,0.9159491574566435,0,-14.88139726093712
0.4857274159757635,3.175602410017844,0.3500985233118684,0.6499014766881316,6.606881303363886,0,1,0,-16.08234931904498
0.2655626596739163,0.5946817869744297,1.544047070321906e-09,0.9999999984559529,2.253529912748551,0,1,0,-11.14650369062461
1,5.074040519518384,1.001000022707156e-06,0.9999989989999772,1.638949886186302,0.2883369247829286,0.5912882442382016,0,-15.19198928596027
0.6995989986280358,0.5253271031593902,1.000004865246263e-09,0.9999999989999951,0,0.638537805355103,0.4242407755262305,0,-7.715775454154226
0.9443407060083557,1.196562821154579,1.000005796568838e-09,0.9999999989999943,0,1.434155951495224,0.2310873807806479,0,-10.82433498825709
0,0,0,1,0,0,1,0,0
0.04131905313765296,11.3817571842182,0.7748659488783494,0.2251340511216506,0,4.889422020129192,0.02702173088612048,0,-9.810276294427817
0.9951311353548857,0.4676785405538771,1.000008536536769e-09,0.9999999989999915,0,0.4576531623283948,0.4987228181097306,0,-8.583716136909951
0.3953339757170916,0.5424870612175111,0.2957071330513986,0.7042928669486014,1.417681018686745,0,1,0,-11.75130139235764
0.9962338579360794,1.737615429160753,1.000003016812377e-09,0.999999998999997,0,0.8886466872111463,0.3458443065122651,0,-13.5780659974505
0.1087496285194031,0.6086347942219443,1.525878846120121e-09,0.9999999984741211,5.567069475013074,0,1,0,-12.14586915843338
0,0,0,1,0,0,1,0,0
0.3790457459153506,0.5144453681221748,0.1527197433633048,0.8472802566366952,1.374004030192641,0,1,0,-11.8926901658398
0,0,0,1,0,0,1,0,0
0,0,0.9296324008330739,0.07036759916692614,4078.95276644022,0,1,0,-5.832682655272562
0,0,0,1,0,0,1,0,0
0.9779245883801139,2.372268441097163,0.1133142517671937,0.8866857482328063,0,2.213036855963079,0.1368490437507717,0,-12.01088985095406
0,0,0.9269849988079212,0.07301500119207882,1.351794311053671,0,1,0,-7.601272518418355
0.1341161645705061,0.5313475413474066,0.7354058618240968,0.2645941381759032,3.893483115385968,0,1,0,-13.13305722469715
0.5220868258618079,1.183604902338485,0.7494260677438405,0.2505739322561595,2.502677311283563,0,1,0,-14.27215844308647
0.855112939706812,0.6215579823375413,1.000046774762121e-09,0.9999999989999532,0,0.9290187323969228,0.3351180367739456,0,-8.858745697760362
0.9613758078824723,0.4770278911963077,1.000039542990352e-09,0.9999999989999605,0,0.2955681981631297,0.5866741953501045,0,-7.921883112269803
0.99661421260075,1.232319662598134,1.000002424986385e-09,0.9999999989999976,0,0.6148643002279108,0.4329621715936127,0,-9.823025440253073
0.3912668341602283,0.4459805244858251,0.6321070753556873,0.3678929246443127,1.30839883719449,0,1,0,-11.34750909951983
0.9957513138903664,0.9905810264126643,1.000005596938734e-09,0.9999999989999944,0,0.5495456276519732,0.4585034099085971,0,-11.39409859566304
0.8836487013134049,50.9159341663153,0.9994853100567899,0.0005146899432101337,9583.287822866292,0,1,0,-16.58841955917465
0.9761172160643327,2.943532083113257,1.00000174507075e-09,0.9999999989999983,0,3.247653677887911,0.07152577775903979,0,-11.67467907878908
0,0,0,1,0,0,1,0,0
0.9968494761915265,1.040255568882468,1.000000013351432e-09,0.999999999,0,0.9234449772601891,0.3365720566342828,0,-10.91108160616084
0.99661421260075,0.963858790293778,1.000000012677305e-09,0.999999999,0,0.6068849071761946,0.4359631142782969,0,-11.34485673748449
0.99661421260075,0.5666139343171152,1.000002104841981e-09,0.9999999989999979,0,0.2951982079790056,0.5869084918219805,0,-7.977150771468267
0,0,0.9264165315338165,0.07358346846618347,2.943281078822338,0,1,0,-6.612673795777699
0.9957513138903664,0.9956535803169242,1.000001798703841e-09,0.9999999989999983,0,0.9189565136877036,0.3377491069855316,0,-9.776901142311356
0.09263234934299959,0,0.2269028458279683,0.7730971541720317,216.188000591138,0,1,0,-12.51055528427002
0,0,0,1,0,0,1,0,0
0,0,0.9281288210340581,0.07187117896594186,3.653692174533903,0,1,0,-8.236553775754039
0,0,0,1,0,0,1,0,0
0,0,0,1,0,0,1,0,0
0,0,0,1,0,0,1,0,0
0,0,0,1,0,0,1,0,0
0,0,0,1,0,0,1,0,0
0,0,0,1,0,0,1,0,0
0,0,0,1,0,0,1,0,0
0,0,0,1,0,0,1,0,0
0.9375137700732284,1.37183586388101,1.000000068188456e-09,0.9999999989999999,0,2.059301355020725,0.1512795166333035,0,-10.45190336604414
0.7456206710390911,4.09230524676291,0.7313393386079637,0.2686606613920363,0,2.428573838497485,0.1191412479107407,0,-9.876368435191333
0.9999921346329962,5.051531472744837,1.000047383098001e-09,0.9999999989999526,1.639740329500589,0.3618558002076568,0.5474773737901084,0,-16.44888807920188
0.9877102679057863,771.2939137378634,0.9997564712869607,0.0002435287130393426,8941.160979127282,0,1,0,-16.63997585127649
0,0,0.9292781821914973,0.07072181780850273,9261.784280975426,0,1,0,-8.777971355868578
0.9658174666910835,0.5413162644325091,1.000012664144672e-09,0.9999999989999874,0,0.6663111357909877,0.4143406769589892,0,-7.758398155230596
0.9367977100664934,6.592467207528847,0.4361232884380393,0.5638767115619607,0,2.972297330982347,0.08470149099455826,0,-11.581621337304
0.5059724289833982,0.5797934437366463,0.1544975046951124,0.8455024953048875,1.160837149210306,0,1,0,-12.04358390500591
0,0,0.9264165372307263,0.07358346276927374,2.31375570119447,0,1,0,-7.081337228167413
0,0,0.9271109272677908,0.07288907273220924,1.364227819949257,0,1,0,-7.698083028010937
0,0,0,1,0,0,1,0,0
0,0,0,1,0,0,1,0,0
0,0,0,1,0,0,1,0,0
0.9773690767843157,0.4880239354398079,1.00000002722922e-09,0.9999999989999999,0,0.4900833959350539,0.4838901058339683,0,-7.586667081117287
0,0,0,1,0,0,1,0,0
0.6995989986280358,1.229878540216629,1.000005796568838e-09,0.9999999989999943,0,1.971141289169097,0.1603267727258731,0,-11.34930254097431
0,0,0,1,0,0,1,0,0
0.9931084341068643,0.4865309805802108,1.000003016789112e-09,0.999999998999997,0,0.3502944319277042,0.5539465066491411,0,-8.692066265717552
0,0,0.9277740749972224,0.07222592500277758,3.384793803826859,0,1,0,-8.782513605610566
0,0,0,1,0,0,1,0,0
0.03893504130339545,5.196342515354941,0.7634091325400808,0.2365908674599192,0,0.6470863699543408,0.4211563084816019,0,-9.267577728760232
0,0,0,1,0,0,1,0,0
0,0,0,1,0,0,1,0,0
0,0,0,1,0,0,1,0,0
0.9959985014967969,1.345017137868318,1.000001384924405e-09,0.9999999989999986,0,0.979101100589638,0.3224208307982324,0,-11.03012166997281
0.9761861765316451,0.4944715900783789,1.000054277506163e-09,0.9999999989999457,0,0.6374788521707941,0.4246252185304698,0,-8.629574496748129
0.3578953652597385,0.3566371804037256,0.8310762103751569,0.1689237896248431,1.75478988161257,0,1,0,-11.70597631548071
0.9958530124962103,7.474119567146866,0.5091081199271736,0.4908918800728264,0,1.081952964685989,0.2982610750294792,0,-14.72484307304176
0.7117342432070342,1.335818456441746,0.8694483887053535,0.1305516112946465,1.018169550751818,0,1,0,-3.961945779399712
0.327885269652416,9.10749917398881,0.4705630071328259,0.529436992867174,0,2.967485502453449,0.08495380793320795,0,-13.59697429699593
0.2310977433697402,0.8883940902075731,2.001000001261989e-06,0.9999979989999987,3.844230937061886,0,1,0,-12.38014114577527
0.9495938840395566,1.343751229534208,1.000002301193081e-09,0.9999999989999977,0,1.660409767310171,0.1975480070509947,0,-10.9665811613724
0.7072327505685565,1.939156169870125,0.8649705621612891,0.1350294378387109,0.8181818181818181,0,1,0,-4.586734932715289
0.7509421384378124,0.9769256355453944,0.8664817938552241,0.1335182061447759,1.038940294444867,0,1,0,-4.364246650097082
0,0,0,1,0,0,1,0,0
0,0,0.9271109272677908,0.07288907273220924,1.364227819949257,0,1,0,-7.698083028010937
0,2.897948843417015,0.303328705721078,0.6966712942789219,9999.999999998339,0,1,0,-14.7781127166619
0.9964377470135042,0.5617404484385533,1.000000875251884e-09,0.9999999989999991,0,0.2377954088239562,0.625802940544852,0,-6.791658965371951
0,0,0,1,0,0,1,0,0
0.6687179311703999,2919.206858193565,0.7944246500489601,0.2055753499510399,0,5.516856539487218,0.01883407296377748,0,-9.952944770137215
0.9898144203779744,0.5996754007352046,1.000005624046792e-09,0.9999999989999944,0,0.744759661428688,0.3881404417965764,0,-7.690536077731696
0.133183076393362,0.5516590313231857,0.4346566539574628,0.5653433460425372,4.143189614799222,0,1,0,-11.76405648637819
0.4344853774501927,1.091186262779049,0.9999995202508325,4.797491675034848e-07,2.511538933661535,0,1,0,-12.84852881830979
0,0,0,1,0,0,1,0,0
0,0,0,1,0,0,1,0,0
0,0,0.9277740749972224,0.07222592500277758,3.518958816553026,0,1,0,-8.629491442344399
0,0,0.9269849988079212,0.07301500119207882,2.300250093030872,0,1,0,-6.824620661638617
0.06640107119124604,7.96812771299205,0.5323948176722744,0.4676051823277256,0,4.00462224432091,0.04537566422443773,0,-15.5085113145697
0,0,0,1,0,0,1,0,0
0,9.646470111824245,0.753083395020946,0.246916604979054,1.452759946649148,0.4984780199181351,0.4801696314814827,0,-13.35442199473024
0,0,0,1,0,0,1,0,0
0.9758087811081296,0.7341263939247091,1.000004642429779e-09,0.9999999989999954,0,0.6756260564735008,0.4110969571808391,0,-8.292440642751801
0,0,0,1,0,0,1,0,0
0.9474563749614644,0.4682264205309187,1.000000000341006e-09,0.999999999,0,0.6249781795087408,0.4292033565658246,0,-8.749385236511733
0.9931933876953548,0.8048105524735695,0.3425514371523256,0.6574485628476744,0,0.251389708264103,0.6160982366716721,0,-8.408816380643694
0.5162126040556581,1.808536783809541,2.861022949824726e-09,0.999999997138977,3.526615023501717,0,1,0,-16.23042366502287
0,0,0,1,0,0,1,0,0
0,0,0.9275593435908686,0.07244065640913144,1.688132725452433,0,1,0,-8.267380570537927
0,0,0,1,0,0,1,0,0
0,0,0.9264165315338165,0.07358346846618347,1.028488674439265,0,1,0,-7.392346470458621
0.04148129475587848,10.65374416942387,0.7779376211105824,0.2220623788894176,0,2.797314880147368,0.09442231459504036,0,-9.11405380193818
0.01390249346043379,1.418603571030678,0.9235227414402962,0.07647725855970378,29.62206284847564,0,1,0,-12.014907129694
0,0,0,1,0,0,1,0,0
0.9996807819230956,0,0.2160745313466351,0.7839254686533649,8977.939358184523,0,1,0,-14.29895227723395
0,0,0,1,0,0,1,0,0
0.2653700449603799,0.1477854144825547,0.464138981279585,0.5358610187204149,271.4844110232278,0,1,0,-15.73855187666258
0.9365719879582566,6.108349818391472,0.4912840287576888,0.5087159712423112,0,2.886693978909172,0.08931402819692424,0,-12.39349206694946
0,0,0,1,0,0,1,0,0